200 200

400
0 24
0 32
1 121
2 78
2 121
3 75
4 121
4 181
5 3
5 65
6 53
7 9
8 183
9 175
10 39
11 15
11 100
12 13
13 19
13 21
13 32
13 105
13 163
13 198
14 13
14 73
14 83
14 90
14 110
14 154
14 191
15 11
15 84
15 171
16 148
16 188
17 52
17 171
18 94
18 112
19 4
19 181
20 15
20 32
21 46
21 75
21 80
21 179
22 196
23 14
23 18
23 35
23 43
25 39
26 3
26 128
27 185
28 24
28 195
29 91
29 144
31 15
31 72
31 115
31 186
32 3
32 186
33 133
34 178
35 35
35 40
35 67
35 100
36 73
37 79
39 111
40 74
40 103
40 161
41 117
43 61
44 25
44 175
44 195
45 0
45 11
45 71
45 130
46 194
47 8
47 100
47 129
47 144
47 155
48 35
48 112
49 83
49 92
49 121
50 53
50 193
51 2
54 34
54 118
55 6
55 87
55 159
57 95
58 131
58 184
60 70
61 190
62 52
62 53
63 11
63 116
63 144
64 77
67 36
67 76
67 124
69 46
69 143
69 194
71 19
71 117
72 26
72 28
72 67
72 100
72 102
72 176
73 169
75 72
75 176
76 12
76 23
76 163
77 140
77 143
77 199
78 88
79 5
79 31
80 58
80 171
81 42
82 20
82 148
82 198
83 66
83 158
84 37
84 168
85 5
85 8
85 180
86 118
86 196
87 67
88 82
88 110
88 116
88 130
88 132
89 14
89 121
90 12
91 67
91 179
92 116
93 95
93 101
94 66
94 103
94 122
94 153
95 33
95 108
95 185
96 27
97 31
97 111
98 82
100 5
100 15
100 67
100 150
100 172
101 37
101 42
101 54
101 55
101 57
102 11
103 70
103 125
103 179
105 57
105 121
105 140
106 19
106 71
106 132
106 164
106 193
107 192
107 194
108 121
108 193
109 98
109 132
110 107
110 161
112 27
112 176
113 4
113 105
113 135
115 67
116 143
116 164
117 77
117 82
117 106
118 71
119 8
119 41
119 143
120 27
120 95
120 108
120 196
121 17
122 177
123 147
123 169
123 195
124 108
124 122
124 172
125 11
125 174
125 181
126 109
127 154
128 147
129 23
129 48
129 69
129 83
129 98
129 106
130 159
131 15
131 44
131 103
131 129
131 147
131 177
131 180
132 49
132 100
132 112
133 118
134 0
134 120
135 3
135 69
136 36
137 113
137 134
137 135
138 61
139 34
139 73
139 163
140 180
141 156
142 168
144 80
144 127
145 177
146 128
146 149
147 31
147 79
147 165
148 9
149 30
149 48
149 156
149 183
150 34
150 97
151 12
151 198
152 70
152 91
152 105
153 18
153 58
153 61
153 165
153 166
154 59
154 100
155 30
155 47
157 58
157 102
157 136
159 16
159 113
159 190
160 17
161 46
161 120
163 112
163 138
164 129
164 154
164 181
165 23
165 59
165 83
165 155
166 54
168 22
168 158
169 89
169 111
169 139
169 176
170 119
170 135
170 147
170 185
171 39
171 129
171 145
172 158
172 172
173 51
173 73
173 175
174 58
174 60
174 159
175 101
175 197
176 52
176 62
176 139
176 171
177 3
177 14
177 84
177 115
177 130
177 190
178 37
178 122
178 143
179 11
179 101
179 127
180 24
180 72
182 32
182 104
183 29
183 167
184 54
186 33
186 189
187 116
188 7
188 120
189 14
189 54
190 2
190 110
190 124
190 136
190 140
191 45
191 73
191 91
191 186
193 132
194 192
195 84
196 197
197 66
197 96
197 151
197 196
198 74
199 46

3
38 160
53 184
93 17

26
0 132 131
7 197 669
17 6 189
25 117 986
35 156 198
38 132 540
56 162 387
60 2 67
69 88 264
70 35 469
73 1 386
77 145 51
84 192 806
86 66 869
93 198 473
95 152 520
95 172 750
96 197 225
123 40 495
125 92 742
126 31 668
129 8 889
129 110 438
155 115 862
160 136 614
198 26 527
