200 200

100
1 156
6 193
9 72
12 144
16 177
19 155
20 113
22 47
26 1
26 12
28 130
39 186
42 167
43 52
43 151
49 149
50 118
52 179
53 103
54 39
56 61
57 44
59 20
59 92
60 166
62 118
65 35
66 155
68 97
70 185
71 46
75 146
77 6
78 76
81 188
82 95
85 161
87 36
88 111
89 178
90 181
93 194
101 129
102 141
105 58
105 156
105 199
107 112
107 168
108 184
109 4
109 167
110 7
110 41
110 105
110 144
112 138
113 149
115 155
116 150
124 22
125 96
125 123
126 81
128 39
129 130
133 137
135 66
136 13
136 16
138 127
139 3
145 191
148 186
149 5
152 39
153 11
154 69
158 166
161 155
163 2
167 40
167 176
168 177
169 86
171 174
174 108
174 128
176 9
176 17
179 147
184 48
185 1
187 49
190 183
196 20
197 86
197 139
198 34
198 139

3
32 74
40 123
63 166

26
14 99 276
21 173 54
26 54 203
32 59 526
44 171 172
55 151 641
55 181 243
60 173 168
68 146 462
71 33 960
73 73 908
110 47 571
112 180 682
114 47 678
115 74 398
117 4 448
132 105 55
139 125 13
143 11 111
144 156 429
164 177 302
167 172 249
178 43 896
179 4 644
179 123 530
187 151 985
